454225933
455789849
454270554
454268748
473210550
454272353
458104742
454653996
454133929
454272353
454116894
475731069
459778887
472747210
454119288
454770651
454147907
464739486
490442223
479915111
454133929
529340378
454770651
454147907
454116894
454272353
528059824
528108783
504542186
480329944
523780321
527145539
532473747
532748178
454270554
537319626
536850172
534874830
536897251
525959553
515556396
503939302
529733200
456678994
454262056
454270325
454271547
525367913
454142722
516933863
460890893
460890893
469072819
513753817
473451212
519120236
480195174
456481752
482258894
454119773
454225330
454132648
478997719
454137930
532473747